Savgol w = 100, fits well with
c(x) = (1.119 - 1.847*(x/w)^2 )/w
for w = 400
c(x) = (1.124 - 1.868*(x/w)^2 )/w
for w = 4000
c(x) = (1.125 - 1.874*(x/w)^2 )/w


C00 	=
-0.0743 	0.0114 	0.0400 	0.0114 	-0.0743
 0.0114 	0.0971 	0.1257 	0.0971 	 0.0114
 0.0400 	0.1257 	0.1543 	0.1257 	 0.0400
 0.0114 	0.0971 	0.1257 	0.0971 	 0.0114
-0.0743 	0.0114 	0.0400 	0.0114 	-0.0743

C10 	=
 0.0738 	-0.0119 	-0.0405 	-0.0119 	0.0738
-0.1048 	-0.1476 	-0.1619 	-0.1476 	-0.1048
 0 	0 	0 	0 	0
 0.1048 	0.1476 	0.1619 	0.1476 	0.1048
-0.0738 	0.0119 	0.0405 	0.0119 	-0.0738


C01 	=
 0.0738 	-0.1048 	0 	0.1048 	-0.0738
-0.0119 	-0.1476 	0 	0.1476 	0.0119
-0.0405 	-0.1619 	0 	0.1619 	0.0405
-0.0119 	-0.1476 	0 	0.1476 	0.0119
 0.0738 	-0.1048 	0 	0.1048 	-0.0738
